235 13940
287 235
998 8252
96 1432
338 422
172 268
1650 307
765 1996
2362 1190
828 1432
1666 4725
142 1695
3030 3087
3030 3253
338 304
3360 797
3295 1196
2443 3477
338 3205
3576 3087
4315 4192
3535 3434
4216 4794
1471 9641
2018 80075
4728 2131
3561 372
2965 2965
108465 2434
6180 5507
2338 122
3087 3087
5035 18796
2041950 7686
8118 2598
3029 6466
4926 6282
4939 3653
9195 13107
2328 9910
9661 2362
1992 3803
10402 7888
7199 8026
1666 12139
518 6282
11673 8049
1113 18187
7918 6770
7918 7441
7918 8020
2443 12677
10675 5190
13581 9636
15100 7647
4110 15452
12677 24468
11827 16219
5074 13757
6992 7610
2628 3093
7611 17123
17147 16779
6044 6044
7198 12405
7198 12297
27 2670
18320 5874
16947 6760
2443 8026
10171 5074
6583 6449
5812 19172
14047 14047
17123 16414
15231 19624
19888 2635682
10559 14637
828 17123
16515 8297
13792 13792
13792 20481
16253 9636
5507 17156
6282 6282
5885 6414
1119 5814
8819 20630
7524 2309
5004 19784
3535708 2954
1900 11721
3415 304
12048 7595
18228 21204
16399 19907
16050 13251
18103 98102
13531 10174
6618 21679
17707 22221
23126 14089
1965 13051
4138 4725
14788 7193
23012 3474
2309 304
6583 5542
6618 14540
2937 9190
22116 20654
7780 18327
6340 2238
2138 13183
23447 10973
3335 3335
22763 24582
19935 11142
21632 4995
4893 883
18333 16035
25128 7927
10171 3295
25458 9396
13812 2197
3029 234
21234 16853
1247 1247
2965 931
11614 8003
4287 1288
19784 25332
974 10873
18174 739
14013 18528
1915 475
8217 247
8026 1247
12815 12815
23275 26310
4857 1088
85 2598
27344 16925
27358 6918
27524 16201
